138
 74
170
193
125
 64
153
 37
 84
163
152
144
 81
 56
 20
 39
179
120
105
169
149
110
 13
 89
 93
 51
 38
112
147
 73
 71
128
 42
 98
166
134
126
 61
178
106
136
127
  1
 32
 90
 23
 48
176
 55
 68
118
 78
 28
182
117
161
 63
 29
 97
113
109
 82
 43
 83
164
160
 46
123
  9
 19
 11
 75
196
137
 88
  2
 62
188
  8
 47
 21
162
197
200
198
104
111
187
171
  6
156
 49
 58
 86
 24
 66
107
 96
124
 40
189
150
 70
185
102
 92
151
168
172
183
190
 36
 54
 10
143
 50
181
 99
  7
 45
 30
101
194
114
121
130
174
 16
 14
 22
173
 34
157
 25
 87
116
 94
103
167
 35
184
 12
175
155
  5
199
 72
 41
  4
165
 59
141
  3
140
 26
 17
 95
195
180
139
132
186
177
158
192
108
129
 69
 52
 85
 80
115
 31
133
154
142
 33
 44
 91
 53
146
 57
 77
 79
131
 76
145
 60
148
159
122
 67
 18
 65
100
 27
191
135
119
 15